   5.5581071e+00   1.6040190e+01   2.9003904e+03   1.0718202e+02
   7.5660756e+00   2.5288089e+01   2.9006721e+03   1.2483553e+02
   7.6409879e+00   3.5176619e+01   2.9018196e+03   1.1663926e+02
   8.7276282e+00   4.5160013e+01   2.9020159e+03   1.0718202e+02
   9.8388753e+00   5.4921632e+01   2.9014739e+03   1.0907347e+02
   1.1208089e+01   6.4850711e+01   2.9009574e+03   9.8355267e+01
   1.2990665e+01   7.4754228e+01   2.9014553e+03   1.0655154e+02
   1.3877682e+01   8.4571760e+01   2.9019205e+03   1.1853071e+02
   1.5651779e+01   9.4486296e+01   2.9016851e+03   1.2609650e+02
   1.7226895e+01   1.0426708e+02   2.9019680e+03   1.2231360e+02
   1.8148538e+01   1.1434161e+02   2.9007255e+03   1.2546601e+02
   1.8985477e+01   1.2427353e+02   2.9002172e+03   1.2105264e+02
   2.0519381e+01   1.3415864e+02   2.8993518e+03   1.1853071e+02
   2.1800041e+01   1.4420390e+02   2.8981450e+03   1.3870615e+02
   2.3470200e+01   1.5397169e+02   2.8979454e+03   1.2483553e+02
   2.5508009e+01   1.6357533e+02   2.8981494e+03   1.1979167e+02
   2.8293240e+01   1.7320838e+02   2.8972164e+03   1.1033443e+02
   3.0401747e+01   1.8297929e+02   2.8981679e+03   1.6203400e+02
   3.0334313e+01   1.9553373e+02   2.8974450e+03   1.2483553e+02
   3.1075158e+01   2.0534321e+02   2.8973354e+03   1.3177084e+02
   3.2005307e+01   2.1518547e+02   2.8971194e+03   1.1411733e+02
   3.2353364e+01   2.2540683e+02   2.8969028e+03   1.1159540e+02
   3.3681907e+01   2.3539060e+02   2.8978102e+03   1.1600878e+02
   3.4426857e+01   2.4518880e+02   2.8982261e+03   1.1790022e+02
   3.5204617e+01   2.5520747e+02   2.8984577e+03   1.2042215e+02
   3.6197715e+01   2.6503552e+02   2.8986653e+03   1.1726974e+02
   3.6928633e+01   2.7513539e+02   2.8988442e+03   1.1285636e+02
   3.7529485e+01   2.8535708e+02   2.8992288e+03   1.0402961e+02
   3.8254008e+01   2.9474757e+02   2.8991617e+03   1.1285636e+02
   3.8860554e+01   3.0519459e+02   2.8992086e+03   1.0466009e+02
   3.9000683e+01   3.1455563e+02   2.8987826e+03   1.1663926e+02
   3.9200750e+01   3.2514678e+02   2.8988023e+03   1.2168312e+02
   3.9395501e+01   3.3500406e+02   2.8991396e+03   1.2420505e+02
   3.9290089e+01   3.4486219e+02   2.8989863e+03   1.1285636e+02
   3.8854353e+01   3.5489229e+02   2.8989686e+03   1.0718202e+02
   3.9015211e+01   3.6493193e+02   2.8989812e+03   1.2042215e+02
   3.8581257e+01   3.7507353e+02   2.8986693e+03   1.1348685e+02
   3.8411913e+01   3.8488489e+02   2.8988904e+03   1.2231360e+02
   3.8286954e+01   3.9496142e+02   2.8997153e+03   1.1537829e+02
   3.8444984e+01   4.0490580e+02   2.9003734e+03   1.1790022e+02
   4.0071370e+01   4.1482619e+02   2.9005600e+03   9.7724784e+01
   4.7095456e+01   4.2184233e+02   2.9005671e+03   1.1159540e+02
   5.4288524e+01   4.1712043e+02   2.8991795e+03   1.3807566e+02
   6.0027574e+01   4.0870933e+02   2.8982495e+03   1.3618422e+02
   6.5630477e+01   4.0034643e+02   2.8975294e+03   1.2924891e+02
   7.1864241e+01   3.9191116e+02   2.8969950e+03   1.1222588e+02
   7.7170273e+01   3.8421280e+02   2.8964153e+03   1.1285636e+02
   8.3457369e+01   3.7628426e+02   2.8960101e+03   1.0970395e+02
   8.8974824e+01   3.6788223e+02   2.8958188e+03   1.0150768e+02
   9.4339054e+01   3.5984170e+02   2.8953926e+03   1.1033443e+02
   1.0016650e+02   3.5109908e+02   2.8947295e+03   9.3941889e+01
   1.0625234e+02   3.4335298e+02   2.8945949e+03   9.5202854e+01
   1.1246218e+02   3.3535928e+02   2.8945798e+03   9.5833337e+01
   1.1850894e+02   3.2742944e+02   2.8943504e+03   1.0150768e+02
   1.2460911e+02   3.1979998e+02   2.8944799e+03   1.1790022e+02
   1.3127942e+02   3.1228979e+02   2.8943976e+03   1.4627194e+02
   1.3752527e+02   3.0450194e+02   2.8940035e+03   1.6896930e+02
   1.4342305e+02   2.9662835e+02   2.8937097e+03   1.2168312e+02
   1.4972461e+02   2.8862231e+02   2.8928415e+03   1.3177084e+02
   1.5625675e+02   2.8110362e+02   2.8925903e+03   1.3240132e+02
   1.6257548e+02   2.7319901e+02   2.8922241e+03   1.1663926e+02
   1.6854281e+02   2.6517155e+02   2.8949366e+03   1.1033443e+02
   1.7403548e+02   2.5704184e+02   2.8935235e+03   1.0844299e+02
   1.8004002e+02   2.4881496e+02   2.8926683e+03   1.2420505e+02
   1.8557809e+02   2.4085559e+02   2.8919083e+03   1.3996711e+02
   1.9109471e+02   2.3224128e+02   2.8915877e+03   1.4816338e+02
   1.9705109e+02   2.2397950e+02   2.8913687e+03   1.4185856e+02
   2.0260000e+02   2.1592560e+02   2.8909322e+03   1.8599233e+02
   2.0836681e+02   2.0798174e+02   2.8907692e+03   1.0276864e+02
   2.1520864e+02   2.0079084e+02   2.8903622e+03   1.2546601e+02
   2.2121070e+02   1.9256821e+02   2.8898998e+03   1.2672698e+02
   2.2694150e+02   1.8425036e+02   2.8901393e+03   1.4122808e+02
   2.3259081e+02   1.7632510e+02   2.8899724e+03   1.2798794e+02
   2.3802447e+02   1.6765841e+02   2.8894615e+03   1.1285636e+02
   2.4338297e+02   1.5942414e+02   2.8894065e+03   1.1348685e+02
   2.4864667e+02   1.5101117e+02   2.8900699e+03   1.2798794e+02
   2.5509657e+02   1.4241527e+02   2.8912047e+03   1.4059759e+02
   2.6025808e+02   1.3516112e+02   2.8925863e+03   1.1916119e+02
   2.6620042e+02   1.2684860e+02   2.8925752e+03   9.0789477e+01
   2.7182344e+02   1.1851416e+02   2.8922704e+03   7.1244520e+01
   2.7733750e+02   1.0986518e+02   2.8936899e+03   6.9983555e+01
   2.8235734e+02   1.0154651e+02   2.8947557e+03   7.9440792e+01
   2.8754340e+02   9.3345770e+01   2.8956749e+03   8.6376100e+01
   2.9263483e+02   8.4710772e+01   2.8959941e+03   8.9528512e+01
   2.9773675e+02   7.6118930e+01   2.8962862e+03   7.0614038e+01
   3.0320388e+02   6.7584676e+01   2.8971294e+03   5.9265353e+01
   3.0998264e+02   6.0423668e+01   2.8972530e+03   6.8722590e+01
   3.1828904e+02   5.4948110e+01   2.8980664e+03   9.2680924e+01
   3.2680589e+02   4.9541564e+01   2.8979139e+03   8.9528512e+01
   3.3531669e+02   5.2385422e+01   2.8977283e+03   9.6463819e+01
   3.3688767e+02   6.1935369e+01   2.8970717e+03   9.4572372e+01
   3.3578352e+02   7.2087531e+01   2.8960579e+03   9.7724784e+01
   3.3524179e+02   8.1754530e+01   2.8960912e+03   1.0466009e+02
   3.3492197e+02   9.1636782e+01   2.8949995e+03   1.0466009e+02
   3.3385034e+02   1.0159155e+02   2.8932862e+03   1.1790022e+02
   3.3347541e+02   1.1169921e+02   2.8921368e+03   1.2735746e+02
   3.3289157e+02   1.2156866e+02   2.8918040e+03   1.3177084e+02
   3.3277992e+02   1.3146400e+02   2.8907263e+03   1.2483553e+02
   3.3258299e+02   1.4140419e+02   2.8898738e+03   1.1474781e+02
   3.3270867e+02   1.5158515e+02   2.8885909e+03   1.1348685e+02
   3.3367017e+02   1.6133616e+02   2.8879047e+03   1.5005483e+02
   3.3374244e+02   1.7085177e+02   2.8909347e+03   1.2798794e+02
   3.3232176e+02   1.8071971e+02   2.8905402e+03   1.1600878e+02
   3.3145227e+02   1.9071166e+02   2.8907254e+03   1.0276864e+02
   3.3084888e+02   2.0048604e+02   2.8908455e+03   1.1790022e+02
   3.2977554e+02   2.1072928e+02   2.8912901e+03   1.2987939e+02
   3.2847878e+02   2.2048936e+02   2.8919094e+03   1.0402961e+02
   3.2683118e+02   2.3048300e+02   2.8922225e+03   9.7724784e+01
   3.2522549e+02   2.4000977e+02   2.8927427e+03   1.0276864e+02
   3.2300993e+02   2.4997380e+02   2.8930544e+03   1.0655154e+02
   3.2082531e+02   2.5981374e+02   2.8942429e+03   1.1474781e+02
   3.1851318e+02   2.6963694e+02   2.8952159e+03   9.4572372e+01
   3.1642678e+02   2.7906621e+02   2.8959991e+03   8.2593205e+01
   3.1450931e+02   2.8904990e+02   2.8964940e+03   8.8267547e+01
   3.1273371e+02   2.9804623e+02   2.8979825e+03   9.1419959e+01
   3.1198966e+02   3.0805281e+02   2.8980438e+03   1.0150768e+02
   3.1146049e+02   3.1792019e+02   2.8983569e+03   1.0213816e+02
   3.1106350e+02   3.2808962e+02   2.8987710e+03   1.1916119e+02
   3.0999901e+02   3.3816944e+02   2.8990888e+03   1.0402961e+02
   3.0868706e+02   3.4734345e+02   2.8995937e+03   9.9616232e+01
   3.0607616e+02   3.5735588e+02   2.9006205e+03   9.5202854e+01
   3.0273875e+02   3.6692373e+02   2.9022175e+03   7.3135968e+01
   2.9885074e+02   3.7628206e+02   2.9023591e+03   7.7549345e+01
   2.9297054e+02   3.8386251e+02   2.9020197e+03   7.5657897e+01
   2.8374664e+02   3.8171039e+02   2.9003341e+03   9.0789477e+01
   2.7684653e+02   3.7556260e+02   2.8980486e+03   9.5833337e+01
   2.7059978e+02   3.6778724e+02   2.8976565e+03   9.5202854e+01
   2.6457232e+02   3.5989972e+02   2.8970309e+03   1.0466009e+02
   2.5892119e+02   3.5188715e+02   2.8968255e+03   9.6463819e+01
   2.5281376e+02   3.4350919e+02   2.8967547e+03   8.1962722e+01
   2.4694289e+02   3.3565762e+02   2.8968043e+03   9.2050442e+01
   2.4053270e+02   3.2796856e+02   2.8965983e+03   9.2050442e+01
   2.3457432e+02   3.1995240e+02   2.8959886e+03   9.3941889e+01
   2.2864510e+02   3.1174611e+02   2.8949930e+03   8.5745617e+01
   2.2328215e+02   3.0323958e+02   2.8949230e+03   7.6918862e+01
   2.1762566e+02   2.9522682e+02   2.8938600e+03   8.3223687e+01
   2.1103218e+02   2.8769536e+02   2.8931331e+03   8.7637065e+01
   2.0488883e+02   2.7960739e+02   2.8928441e+03   1.0655154e+02
   1.9832675e+02   2.7210329e+02   2.8927356e+03   8.7637065e+01
   1.9209959e+02   2.6426457e+02   2.8917714e+03   1.0024671e+02
   1.8661389e+02   2.5599283e+02   2.8908865e+03   1.0718202e+02
   1.8127610e+02   2.4765704e+02   2.8913889e+03   1.1348685e+02
   1.7578410e+02   2.3928347e+02   2.8924328e+03   1.6266448e+02
   1.7058286e+02   2.3055955e+02   2.8928379e+03   1.3996711e+02
   1.6539408e+02   2.2211244e+02   2.8925686e+03   1.6392544e+02
   1.6010730e+02   2.1347071e+02   2.8926321e+03   1.4438049e+02
   1.5462782e+02   2.0511528e+02   2.8929904e+03   1.1285636e+02
   1.4929339e+02   1.9658210e+02   2.8929071e+03   1.1285636e+02
   1.4374450e+02   1.8849291e+02   2.8935095e+03   1.0781250e+02
   1.3795915e+02   1.8038569e+02   2.8936725e+03   1.0529057e+02
   1.3210056e+02   1.7224517e+02   2.8939133e+03   1.1096492e+02
   1.2640283e+02   1.6413334e+02   2.8944585e+03   1.0844299e+02
   1.2127374e+02   1.5554357e+02   2.8945274e+03   1.2357457e+02
   1.1560453e+02   1.4724430e+02   2.8942277e+03   1.3933663e+02
   1.0993845e+02   1.3895387e+02   2.8938220e+03   1.3555373e+02
   1.0484130e+02   1.3038380e+02   2.8941287e+03   1.3492325e+02
   9.9046709e+01   1.2240410e+02   2.8947877e+03   1.3807566e+02
   9.3412983e+01   1.1381300e+02   2.8954610e+03   1.3114036e+02
   8.9680581e+01   1.0563908e+02   2.8980180e+03   1.3177084e+02
   8.4145532e+01   9.7473659e+01   2.8973658e+03   1.1474781e+02
   7.8427918e+01   8.9327831e+01   2.8974096e+03   1.3114036e+02
   7.2497750e+01   8.1197306e+01   2.8980757e+03   1.2798794e+02
   6.6253502e+01   7.3432783e+01   2.8977360e+03   1.2105264e+02
   5.9973579e+01   6.5670369e+01   2.8990514e+03   1.2357457e+02
   5.3518884e+01   5.8069675e+01   2.9001216e+03   1.2987939e+02
   4.6609322e+01   5.0646768e+01   2.9010831e+03   1.3870615e+02
   4.0041770e+01   4.3263649e+01   2.9012402e+03   1.3681470e+02
   3.3694352e+01   3.5718786e+01   2.9016944e+03   1.2420505e+02
   2.7597568e+01   2.7729727e+01   2.9016630e+03   1.3996711e+02
   2.0480681e+01   2.0979999e+01   2.9019867e+03   1.1853071e+02
